0   -0.115715
1   -0.140888
2   -0.145205
3   -0.178093
4   -0.182757
5   -0.203513
6   -0.223103
7   -0.242884
8   -0.260436
9   -0.261003
10   -0.263271
11   -0.286338
12   -0.284656
13   -0.287064
14   -0.301362
15   -0.31052
16   -0.309507
17   -0.324185
18   -0.329663
19   -0.324654
20   -0.340906
21   -0.354663
22   -0.361508
23   -0.3419
24   -0.360331
25   -0.368386
26   -0.370945
27   -0.369074
28   -0.374069
29   -0.371378
30   -0.384611
31   -0.382474
32   -0.38928
33   -0.386301
34   -0.39553
35   -0.38711
36   -0.383706
37   -0.399108
38   -0.41408
39   -0.39836
40   -0.401257
41   -0.410349
42   -0.405191
43   -0.414918
44   -0.421212
45   -0.418021
46   -0.408128
47   -0.425714
48   -0.408765
49   -0.419316
50   -0.421216
51   -0.428451
52   -0.424755
53   -0.436
54   -0.430809
55   -0.433488
56   -0.434234
57   -0.443151
58   -0.438924
59   -0.436912
60   -0.447118
61   -0.439743
62   -0.442596
63   -0.443924
64   -0.450534
65   -0.444622
66   -0.464389
67   -0.456382
68   -0.452414
69   -0.456306
70   -0.454595
71   -0.458683
72   -0.455139
73   -0.457174
74   -0.459009
75   -0.466753
76   -0.457826
77   -0.457901
78   -0.466708
79   -0.465565
80   -0.46256
81   -0.467888
82   -0.466065
83   -0.466743
84   -0.468306
85   -0.467956
86   -0.478357
87   -0.471019
88   -0.479115
89   -0.476665
90   -0.476233
91   -0.480743
92   -0.473993
93   -0.464376
94   -0.475229
95   -0.46938
96   -0.47215
97   -0.476158
98   -0.478418
99   -0.469563
100   -0.485088
101   -0.482539
102   -0.477386
103   -0.486583
104   -0.484734
105   -0.478787
106   -0.487169
107   -0.4798
108   -0.483693
109   -0.488959
110   -0.482076
111   -0.486791
112   -0.484863
113   -0.486784
114   -0.487661
115   -0.49112
116   -0.486598
117   -0.489355
118   -0.492999
119   -0.490283
120   -0.496528
121   -0.494929
122   -0.498956
123   -0.488928
124   -0.482428
125   -0.500438
126   -0.499457
127   -0.494659
128   -0.492438
129   -0.494455
130   -0.492851
131   -0.497234
132   -0.495767
133   -0.49669
134   -0.500212
135   -0.496798
136   -0.497042
137   -0.502472
138   -0.495726
139   -0.495987
140   -0.495292
141   -0.490198
142   -0.499953
143   -0.504116
144   -0.505474
145   -0.499644
146   -0.503813
147   -0.496271
148   -0.501715
149   -0.503017
150   -0.503893
151   -0.500772
152   -0.501669
153   -0.499534
154   -0.511185
155   -0.505339
156   -0.513797
157   -0.505201
158   -0.511565
159   -0.505331
160   -0.505675
161   -0.503673
162   -0.507048
163   -0.509778
164   -0.505554
165   -0.508098
166   -0.510153
167   -0.507125
168   -0.50107
169   -0.507973
170   -0.508526
171   -0.514971
172   -0.50266
173   -0.5052
174   -0.508245
175   -0.512182
176   -0.510266
177   -0.512366
178   -0.508667
179   -0.512441
180   -0.511114
181   -0.511629
182   -0.514257
183   -0.514485
184   -0.513589
185   -0.515445
186   -0.514673
187   -0.517378
188   -0.511896
189   -0.508718
190   -0.515625
191   -0.512761
192   -0.523538
193   -0.51301
194   -0.511433
195   -0.514617
196   -0.515898
197   -0.514039
198   -0.523986
199   -0.515878
200   -0.514515
201   -0.515824
202   -0.515017
203   -0.51729
204   -0.513987
205   -0.517578
206   -0.515245
207   -0.518263
208   -0.520034
209   -0.514444
210   -0.517464
211   -0.511458
212   -0.520433
213   -0.520306
214   -0.516462
215   -0.516383
216   -0.51744
217   -0.520337
218   -0.523839
219   -0.522246
220   -0.524844
221   -0.520773
222   -0.519904
223   -0.522589
224   -0.520893
225   -0.522276
226   -0.521702
227   -0.520903
228   -0.520905
229   -0.524098
230   -0.519716
231   -0.520726
232   -0.518991
233   -0.524637
234   -0.525779
235   -0.525339
236   -0.52311
237   -0.516857
238   -0.52261
239   -0.525544
240   -0.520646
241   -0.521066
242   -0.522709
243   -0.524124
244   -0.526722
245   -0.518529
246   -0.526093
247   -0.52401
248   -0.527955
249   -0.524171
250   -0.531809
251   -0.521997
252   -0.533202
253   -0.529507
254   -0.525508
255   -0.527475
256   -0.533199
257   -0.529605
258   -0.528825
259   -0.528292
260   -0.528396
261   -0.529455
262   -0.522919
263   -0.522133
264   -0.52451
265   -0.530598
266   -0.521157
267   -0.520541
268   -0.527627
269   -0.531804
270   -0.527145
271   -0.529612
272   -0.52691
273   -0.534369
274   -0.530286
275   -0.535439
276   -0.52616
277   -0.52812
278   -0.531007
279   -0.531035
280   -0.529357
281   -0.526531
282   -0.529707
283   -0.528414
284   -0.530424
285   -0.529656
286   -0.52218
287   -0.532999
288   -0.527501
289   -0.531145
290   -0.53288
291   -0.531563
292   -0.532183
293   -0.53582
294   -0.531873
295   -0.534423
296   -0.531157
297   -0.532805
298   -0.528882
299   -0.537385
300   -0.532761
301   -0.532018
302   -0.529653
303   -0.534332
304   -0.536398
305   -0.532679
306   -0.529113
307   -0.532417
308   -0.529064
309   -0.532881
310   -0.535605
311   -0.531758
312   -0.53166
313   -0.532994
314   -0.531324
315   -0.536198
316   -0.536695
317   -0.533803
318   -0.534644
319   -0.532537
320   -0.530742
321   -0.533603
322   -0.535273
323   -0.533573
324   -0.535682
325   -0.53121
326   -0.53265
327   -0.542521
328   -0.536426
329   -0.532452
330   -0.541661
331   -0.534102
332   -0.536406
333   -0.536231
334   -0.536213
335   -0.53424
336   -0.535653
337   -0.534905
338   -0.538355
339   -0.536352
340   -0.536172
341   -0.535512
342   -0.53831
343   -0.536253
344   -0.535979
345   -0.537702
346   -0.537036
347   -0.535659
348   -0.539551
349   -0.537634
350   -0.53572
351   -0.537362
352   -0.538102
353   -0.537699
354   -0.534711
355   -0.5374
356   -0.539359
357   -0.532629
358   -0.539011
359   -0.538123
360   -0.542374
361   -0.539555
362   -0.538719
363   -0.543621
364   -0.53952
365   -0.535388
366   -0.53805
367   -0.535969
368   -0.53481
369   -0.537844
370   -0.542764
371   -0.539253
372   -0.539059
373   -0.538249
374   -0.539653
375   -0.539207
376   -0.544727
377   -0.540483
378   -0.534343
379   -0.541999
380   -0.541264
381   -0.536776
382   -0.538054
383   -0.542838
384   -0.539273
385   -0.535805
386   -0.543791
387   -0.539086
388   -0.537582
389   -0.541986
390   -0.541297
391   -0.541463
392   -0.538349
393   -0.539424
394   -0.542553
395   -0.542961
396   -0.541228
397   -0.545678
398   -0.545452
399   -0.546759
400   -0.540448
401   -0.535867
402   -0.541655
403   -0.54507
404   -0.544332
405   -0.540397
406   -0.54429
407   -0.541447
408   -0.540783
409   -0.539401
410   -0.54098
411   -0.545916
412   -0.538852
413   -0.546626
414   -0.539335
415   -0.543802
416   -0.542912
417   -0.541894
418   -0.547233
419   -0.543398
420   -0.543448
421   -0.544969
422   -0.538965
423   -0.54147
424   -0.541684
425   -0.54439
426   -0.544791
427   -0.544898
428   -0.545594
429   -0.546353
430   -0.542894
431   -0.54418
432   -0.548105
433   -0.54698
434   -0.545739
435   -0.54956
436   -0.54455
437   -0.546926
438   -0.546774
439   -0.540046
440   -0.549631
441   -0.54561
442   -0.545904
443   -0.546623
444   -0.54222
445   -0.543701
446   -0.545565
447   -0.545164
448   -0.546606
449   -0.545606
450   -0.542689
451   -0.545973
452   -0.545372
453   -0.545514
454   -0.543095
455   -0.54302
456   -0.544675
457   -0.545761
458   -0.540501
459   -0.548203
460   -0.546462
461   -0.543117
462   -0.544693
463   -0.548913
464   -0.546771
465   -0.545377
466   -0.54847
467   -0.543768
468   -0.553305
469   -0.546827
470   -0.547757
471   -0.549268
472   -0.547658
473   -0.552813
474   -0.542916
475   -0.544212
476   -0.546335
477   -0.545267
478   -0.54927
479   -0.54441
480   -0.545491
481   -0.55087
482   -0.552601
483   -0.54571
484   -0.544204
485   -0.545646
486   -0.544155
487   -0.54856
488   -0.544535
489   -0.546861
490   -0.548338
491   -0.544436
492   -0.548039
493   -0.545592
494   -0.546878
495   -0.546298
496   -0.551528
497   -0.545699
498   -0.550211
499   -0.551464
500   -0.546289
501   -0.545656
502   -0.548556
503   -0.550265
504   -0.544533
505   -0.547335
506   -0.551414
507   -0.545712
508   -0.550663
509   -0.547915
510   -0.546317
511   -0.549585
512   -0.546783
513   -0.548049
514   -0.545389
515   -0.551305
516   -0.544918
517   -0.550128
518   -0.546748
519   -0.549823
520   -0.551728
521   -0.551736
522   -0.550217
523   -0.548231
524   -0.551042
525   -0.552723
526   -0.547202
527   -0.5504
528   -0.551394
529   -0.55123
530   -0.550713
531   -0.550504
532   -0.551642
533   -0.549127
534   -0.546438
535   -0.551746
536   -0.55143
537   -0.546455
538   -0.548478
539   -0.552142
540   -0.548569
541   -0.549085
542   -0.547232
543   -0.549874
544   -0.54804
545   -0.548628
546   -0.548623
547   -0.553186
548   -0.552407
549   -0.552445
550   -0.547282
551   -0.552327
552   -0.544837
553   -0.550448
554   -0.544965
555   -0.549813
556   -0.548322
557   -0.552546
558   -0.549519
559   -0.555606
560   -0.553897
561   -0.550813
562   -0.55245
563   -0.552694
564   -0.547863
565   -0.552071
566   -0.55138
567   -0.549836
568   -0.550564
569   -0.551974
570   -0.555379
571   -0.549806
572   -0.550646
573   -0.554866
574   -0.553814
575   -0.550886
576   -0.554672
577   -0.555228
578   -0.554386
579   -0.549747
580   -0.551677
581   -0.550905
582   -0.557537
583   -0.554766
584   -0.554769
585   -0.55722
586   -0.550035
587   -0.552952
588   -0.557302
589   -0.551202
590   -0.548008
591   -0.55437
592   -0.553431
593   -0.553739
594   -0.553349
595   -0.552129
596   -0.548597
597   -0.551422
598   -0.556163
599   -0.552398
600   -0.548762
601   -0.553061
602   -0.55434
603   -0.554378
604   -0.556029
605   -0.551406
606   -0.549457
607   -0.55599
608   -0.555772
609   -0.556416
610   -0.557233
611   -0.553182
612   -0.556925
613   -0.548913
614   -0.551468
615   -0.551554
616   -0.54928
617   -0.554959
618   -0.555094
619   -0.554176
620   -0.550134
621   -0.552956
622   -0.55577
623   -0.556424
624   -0.55381
625   -0.557807
626   -0.556546
627   -0.555002
628   -0.555732
629   -0.553366
630   -0.554504
631   -0.551679
632   -0.557355
633   -0.551282
634   -0.555358
635   -0.553321
636   -0.552399
637   -0.55215
638   -0.554992
639   -0.556092
640   -0.555879
641   -0.554188
642   -0.552878
643   -0.551578
644   -0.555227
645   -0.558824
646   -0.55243
647   -0.554942
648   -0.552299
649   -0.549634
650   -0.556582
651   -0.555674
652   -0.558838
653   -0.556352
654   -0.553301
655   -0.552088
656   -0.553291
657   -0.5578
658   -0.556023
659   -0.551941
660   -0.555753
661   -0.553892
662   -0.552115
663   -0.560224
664   -0.553581
665   -0.556787
666   -0.554809
667   -0.557565
668   -0.552673
669   -0.555381
670   -0.555272
671   -0.555622
672   -0.553503
673   -0.553758
674   -0.557823
675   -0.55883
676   -0.556656
677   -0.554186
678   -0.557563
679   -0.55664
680   -0.553974
681   -0.552022
682   -0.552359
683   -0.557707
684   -0.558196
685   -0.553532
686   -0.555571
687   -0.555427
688   -0.557606
689   -0.555066
690   -0.550257
691   -0.556402
692   -0.554126
693   -0.556774
694   -0.553322
695   -0.556823
696   -0.558998
697   -0.557162
698   -0.553196
699   -0.552439
700   -0.553142
701   -0.555481
702   -0.553653
703   -0.555306
704   -0.556701
705   -0.561031
706   -0.556727
707   -0.553725
708   -0.558533
709   -0.560268
710   -0.554798
711   -0.560966
712   -0.556078
713   -0.557312
714   -0.554576
715   -0.553697
716   -0.554548
717   -0.554753
718   -0.55872
719   -0.554365
720   -0.559508
721   -0.555422
722   -0.554525
723   -0.557519
724   -0.556236
725   -0.55368
726   -0.555629
727   -0.561234
728   -0.556287
729   -0.560702
730   -0.55861
731   -0.556213
732   -0.55267
733   -0.553524
734   -0.561297
735   -0.553078
736   -0.558674
737   -0.557525
738   -0.556836
739   -0.558956
740   -0.555505
741   -0.55613
742   -0.556487
743   -0.557001
744   -0.555404
745   -0.560027
746   -0.555302
747   -0.555286
748   -0.556667
749   -0.555573
750   -0.5612
751   -0.559555
752   -0.555242
753   -0.556435
754   -0.555844
755   -0.555477
756   -0.55898
757   -0.556354
758   -0.559671
759   -0.562068
760   -0.559658
761   -0.556703
762   -0.559596
763   -0.559104
764   -0.555479
765   -0.555346
766   -0.556423
767   -0.560426
768   -0.561825
769   -0.557789
770   -0.559476
771   -0.557269
772   -0.558266
773   -0.557211
774   -0.556872
775   -0.556871
776   -0.558441
777   -0.559012
778   -0.560036
779   -0.556868
780   -0.561377
781   -0.557277
782   -0.558482
783   -0.563583
784   -0.556388
785   -0.559685
786   -0.559169
787   -0.553946
788   -0.558066
789   -0.55609
790   -0.55671
791   -0.556831
792   -0.562049
793   -0.557445
794   -0.554813
795   -0.555726
796   -0.558255
797   -0.560299
798   -0.557955
799   -0.554748
800   -0.56207
801   -0.56244
802   -0.556152
803   -0.554425
804   -0.559513
805   -0.554406
806   -0.558157
807   -0.555647
808   -0.559255
809   -0.55886
810   -0.558339
811   -0.556625
812   -0.560597
813   -0.559539
814   -0.561155
815   -0.5582
816   -0.558483
817   -0.558461
818   -0.557897
819   -0.561099
820   -0.55952
821   -0.560845
822   -0.560893
